REQ=FRM
LIB=framefile;00EY
FMFR=SILHOUETTE
FRAM=00EY
EYESIZ=52
CIRC=150.63
FUPC=000000000000
ZTILT=0
TRCFMT=1;1000;E;R;P
R=2489;2492;2495;2499;2502;2506;2509;2513;2517;2520
R=2524;2528;2532;2536;2540;2544;2549;2553;2557;2562
R=2566;2571;2576;2580;2585;2590;2595;2600;2605;2610
R=2615;2621;2626;2631;2637;2643;2648;2654;2660;2666
R=2672;2678;2684;2690;2696;2703;2709;2715;2722;2728
R=2734;2739;2745;2751;2756;2762;2767;2772;2777;2782
R=2787;2792;2796;2801;2805;2809;2812;2816;2818;2821
R=2823;2825;2826;2827;2828;2829;2829;2828;2827;2826
R=2823;2820;2816;2811;2805;2799;2791;2783;2773;2763
R=2752;2741;2729;2717;2705;2692;2679;2665;2651;2637
R=2623;2609;2596;2582;2568;2555;2541;2528;2514;2501
R=2488;2475;2462;2450;2437;2424;2412;2400;2388;2376
R=2364;2352;2340;2329;2317;2306;2294;2283;2272;2261
R=2251;2240;2229;2219;2208;2198;2188;2178;2168;2158
R=2149;2140;2130;2121;2112;2103;2095;2086;2078;2069
R=2061;2053;2045;2037;2030;2022;2015;2007;2000;1993
R=1986;1979;1972;1965;1959;1952;1946;1940;1934;1927
R=1921;1916;1910;1904;1899;1893;1888;1882;1877;1872
R=1867;1862;1857;1852;1848;1843;1839;1834;1830;1826
R=1821;1817;1813;1809;1805;1802;1798;1794;1791;1787
R=1784;1780;1777;1774;1771;1768;1765;1762;1759;1756
R=1754;1751;1749;1746;1744;1741;1739;1737;1735;1733
R=1731;1729;1727;1725;1723;1721;1720;1718;1717;1715
R=1714;1712;1711;1710;1709;1708;1707;1706;1705;1704
R=1703;1703;1702;1701;1701;1700;1700;1700;1699;1699
R=1699;1699;1699;1699;1699;1699;1699;1699;1700;1700
R=1700;1701;1702;1702;1703;1704;1704;1705;1706;1707
R=1708;1709;1710;1712;1713;1714;1716;1717;1719;1720
R=1722;1724;1725;1727;1729;1731;1733;1735;1737;1740
R=1742;1744;1747;1749;1752;1755;1757;1760;1763;1766
R=1769;1772;1775;1778;1782;1785;1788;1792;1796;1799
R=1803;1807;1811;1815;1819;1823;1827;1831;1836;1840
R=1845;1849;1854;1859;1864;1869;1874;1879;1884;1890
R=1895;1901;1906;1912;1918;1924;1930;1936;1942;1949
R=1955;1962;1968;1975;1982;1989;1996;2003;2011;2018
R=2026;2033;2041;2049;2057;2065;2074;2082;2091;2099
R=2108;2117;2126;2135;2145;2154;2164;2174;2184;2194
R=2204;2215;2225;2236;2247;2258;2269;2280;2291;2303
R=2314;2326;2338;2350;2362;2375;2387;2400;2412;2425
R=2438;2452;2465;2478;2492;2506;2520;2533;2547;2561
R=2576;2590;2604;2618;2633;2647;2660;2673;2685;2697
R=2709;2720;2731;2741;2751;2760;2768;2776;2783;2790
R=2796;2801;2806;2810;2813;2815;2817;2819;2819;2819
R=2818;2816;2814;2811;2807;2804;2800;2795;2791;2786
R=2781;2775;2770;2765;2759;2754;2749;2744;2739;2734
R=2729;2724;2720;2715;2710;2706;2701;2697;2692;2688
R=2684;2680;2676;2672;2668;2664;2660;2657;2653;2650
R=2647;2644;2640;2637;2635;2632;2629;2626;2624;2621
R=2619;2617;2614;2612;2610;2608;2607;2605;2603;2602
R=2600;2599;2598;2597;2596;2595;2594;2593;2593;2592
R=2592;2591;2591;2591;2591;2591;2591;2591;2591;2592
R=2592;2593;2593;2594;2595;2596;2597;2598;2599;2600
R=2601;2603;2604;2606;2607;2609;2610;2612;2614;2616
R=2618;2620;2622;2625;2627;2629;2632;2634;2637;2640
R=2642;2645;2648;2651;2654;2657;2660;2663;2666;2669
R=2672;2675;2678;2681;2683;2686;2689;2691;2694;2696
R=2698;2700;2701;2702;2702;2701;2701;2699;2698;2695
R=2693;2690;2687;2684;2680;2677;2673;2670;2666;2662
R=2658;2653;2649;2644;2640;2635;2630;2625;2620;2615
R=2609;2604;2599;2593;2588;2582;2576;2571;2565;2559
R=2553;2547;2541;2535;2529;2522;2515;2508;2501;2493
R=2485;2477;2468;2459;2450;2441;2431;2421;2411;2400
R=2389;2378;2366;2354;2342;2331;2319;2308;2297;2285
R=2274;2263;2253;2242;2231;2221;2210;2200;2190;2180
R=2170;2160;2150;2141;2132;2122;2113;2104;2096;2087
R=2078;2070;2061;2053;2045;2037;2029;2022;2014;2007
R=1999;1992;1985;1978;1971;1964;1957;1951;1944;1938
R=1931;1925;1919;1913;1907;1901;1895;1890;1884;1879
R=1874;1868;1863;1858;1853;1849;1844;1839;1835;1830
R=1826;1821;1817;1813;1809;1805;1801;1797;1794;1790
R=1786;1783;1780;1776;1773;1770;1767;1764;1761;1758
R=1755;1752;1750;1747;1745;1742;1740;1737;1735;1733
R=1731;1729;1727;1725;1723;1721;1720;1718;1717;1715
R=1714;1712;1711;1710;1708;1707;1706;1705;1704;1703
R=1702;1702;1701;1700;1700;1699;1699;1698;1698;1697
R=1697;1697;1697;1697;1696;1696;1697;1697;1697;1697
R=1697;1698;1698;1699;1699;1700;1700;1701;1702;1702
R=1703;1704;1705;1706;1707;1708;1710;1711;1712;1714
R=1715;1717;1718;1720;1721;1723;1725;1727;1729;1731
R=1733;1735;1737;1739;1742;1744;1746;1749;1751;1754
R=1757;1760;1762;1765;1768;1771;1774;1777;1781;1784
R=1787;1791;1794;1798;1801;1805;1809;1813;1817;1821
R=1825;1829;1833;1838;1842;1847;1851;1856;1861;1865
R=1870;1875;1880;1885;1891;1896;1901;1907;1912;1918
R=1924;1929;1935;1941;1947;1953;1960;1966;1972;1979
R=1985;1992;1999;2005;2012;2019;2027;2034;2041;2048
R=2056;2063;2070;2078;2085;2093;2101;2108;2116;2124
R=2132;2140;2148;2156;2164;2172;2180;2188;2196;2204
R=2212;2220;2228;2235;2242;2250;2257;2263;2270;2277
R=2283;2290;2296;2302;2308;2313;2318;2324;2328;2333
R=2337;2342;2346;2349;2353;2356;2359;2362;2365;2368
R=2370;2372;2375;2377;2379;2381;2382;2384;2386;2387
R=2389;2390;2391;2392;2393;2394;2395;2396;2396;2397
R=2397;2397;2397;2398;2398;2398;2398;2399;2399;2399
R=2400;2400;2400;2401;2401;2401;2402;2402;2402;2403
R=2403;2404;2404;2405;2405;2406;2406;2407;2407;2408
R=2409;2410;2411;2412;2413;2414;2415;2416;2417;2419
R=2420;2422;2423;2425;2426;2428;2430;2431;2433;2435
R=2437;2439;2441;2443;2446;2448;2450;2452;2455;2457
R=2460;2463;2465;2468;2471;2474;2477;2480;2483;2486
TRCFMT=1;1000;E;L;P
R=2592;2592;2593;2593;2594;2595;2596;2597;2598;2599
R=2600;2602;2603;2605;2607;2608;2610;2612;2614;2617
R=2619;2621;2624;2626;2629;2632;2635;2637;2640;2644
R=2647;2650;2653;2657;2660;2664;2668;2672;2676;2680
R=2684;2688;2692;2697;2701;2706;2710;2715;2720;2724
R=2729;2734;2739;2744;2749;2754;2759;2765;2770;2775
R=2781;2786;2791;2795;2800;2804;2807;2811;2814;2816
R=2818;2819;2819;2819;2817;2815;2813;2810;2806;2801
R=2796;2790;2783;2776;2768;2760;2751;2741;2731;2720
R=2709;2697;2685;2673;2660;2647;2633;2618;2604;2590
R=2576;2561;2547;2533;2520;2506;2492;2478;2465;2452
R=2438;2425;2412;2400;2387;2375;2362;2350;2338;2326
R=2314;2303;2291;2280;2269;2258;2247;2236;2225;2215
R=2204;2194;2184;2174;2164;2154;2145;2135;2126;2117
R=2108;2099;2091;2082;2074;2065;2057;2049;2041;2033
R=2026;2018;2011;2003;1996;1989;1982;1975;1968;1962
R=1955;1949;1942;1936;1930;1924;1918;1912;1906;1901
R=1895;1890;1884;1879;1874;1869;1864;1859;1854;1849
R=1845;1840;1836;1831;1827;1823;1819;1815;1811;1807
R=1803;1799;1796;1792;1788;1785;1782;1778;1775;1772
R=1769;1766;1763;1760;1757;1755;1752;1749;1747;1744
R=1742;1740;1737;1735;1733;1731;1729;1727;1725;1724
R=1722;1720;1719;1717;1716;1714;1713;1712;1710;1709
R=1708;1707;1706;1705;1704;1704;1703;1702;1702;1701
R=1700;1700;1700;1699;1699;1699;1699;1699;1699;1699
R=1699;1699;1699;1700;1700;1700;1701;1701;1702;1703
R=1703;1704;1705;1706;1707;1708;1709;1710;1711;1712
R=1714;1715;1717;1718;1720;1721;1723;1725;1727;1729
R=1731;1733;1735;1737;1739;1741;1744;1746;1749;1751
R=1754;1756;1759;1762;1765;1768;1771;1774;1777;1780
R=1784;1787;1791;1794;1798;1802;1805;1809;1813;1817
R=1821;1826;1830;1834;1839;1843;1848;1852;1857;1862
R=1867;1872;1877;1882;1888;1893;1899;1904;1910;1916
R=1921;1927;1934;1940;1946;1952;1959;1965;1972;1979
R=1986;1993;2000;2007;2015;2022;2030;2037;2045;2053
R=2061;2069;2078;2086;2095;2103;2112;2121;2130;2140
R=2149;2158;2168;2178;2188;2198;2208;2219;2229;2240
R=2251;2261;2272;2283;2294;2306;2317;2329;2340;2352
R=2364;2376;2388;2400;2412;2424;2437;2450;2462;2475
R=2488;2501;2514;2528;2541;2555;2568;2582;2596;2609
R=2623;2637;2651;2665;2679;2692;2705;2717;2729;2741
R=2752;2763;2773;2783;2791;2799;2805;2811;2816;2820
R=2823;2826;2827;2828;2829;2829;2828;2827;2826;2825
R=2823;2821;2818;2816;2812;2809;2805;2801;2796;2792
R=2787;2782;2777;2772;2767;2762;2756;2751;2745;2739
R=2734;2728;2722;2715;2709;2703;2696;2690;2684;2678
R=2672;2666;2660;2654;2648;2643;2637;2631;2626;2621
R=2615;2610;2605;2600;2595;2590;2585;2580;2576;2571
R=2566;2562;2557;2553;2549;2544;2540;2536;2532;2528
R=2524;2520;2517;2513;2509;2506;2502;2499;2495;2492
R=2489;2486;2483;2480;2477;2474;2471;2468;2465;2463
R=2460;2457;2455;2452;2450;2448;2446;2443;2441;2439
R=2437;2435;2433;2431;2430;2428;2426;2425;2423;2422
R=2420;2419;2417;2416;2415;2414;2413;2412;2411;2410
R=2409;2408;2407;2407;2406;2406;2405;2405;2404;2404
R=2403;2403;2402;2402;2402;2401;2401;2401;2400;2400
R=2400;2399;2399;2399;2398;2398;2398;2398;2397;2397
R=2397;2397;2396;2396;2395;2394;2393;2392;2391;2390
R=2389;2387;2386;2384;2382;2381;2379;2377;2375;2372
R=2370;2368;2365;2362;2359;2356;2353;2349;2346;2342
R=2337;2333;2328;2324;2318;2313;2308;2302;2296;2290
R=2283;2277;2270;2263;2257;2250;2242;2235;2228;2220
R=2212;2204;2196;2188;2180;2172;2164;2156;2148;2140
R=2132;2124;2116;2108;2101;2093;2085;2078;2070;2063
R=2056;2048;2041;2034;2027;2019;2012;2005;1999;1992
R=1985;1979;1972;1966;1960;1953;1947;1941;1935;1929
R=1924;1918;1912;1907;1901;1896;1891;1885;1880;1875
R=1870;1865;1861;1856;1851;1847;1842;1838;1833;1829
R=1825;1821;1817;1813;1809;1805;1801;1798;1794;1791
R=1787;1784;1781;1777;1774;1771;1768;1765;1762;1760
R=1757;1754;1751;1749;1746;1744;1742;1739;1737;1735
R=1733;1731;1729;1727;1725;1723;1721;1720;1718;1717
R=1715;1714;1712;1711;1710;1708;1707;1706;1705;1704
R=1703;1702;1702;1701;1700;1700;1699;1699;1698;1698
R=1697;1697;1697;1697;1697;1696;1696;1697;1697;1697
R=1697;1697;1698;1698;1699;1699;1700;1700;1701;1702
R=1702;1703;1704;1705;1706;1707;1708;1710;1711;1712
R=1714;1715;1717;1718;1720;1721;1723;1725;1727;1729
R=1731;1733;1735;1737;1740;1742;1745;1747;1750;1752
R=1755;1758;1761;1764;1767;1770;1773;1776;1780;1783
R=1786;1790;1794;1797;1801;1805;1809;1813;1817;1821
R=1826;1830;1835;1839;1844;1849;1853;1858;1863;1868
R=1874;1879;1884;1890;1895;1901;1907;1913;1919;1925
R=1931;1938;1944;1951;1957;1964;1971;1978;1985;1992
R=1999;2007;2014;2022;2029;2037;2045;2053;2061;2070
R=2078;2087;2096;2104;2113;2122;2132;2141;2150;2160
R=2170;2180;2190;2200;2210;2221;2231;2242;2253;2263
R=2274;2285;2297;2308;2319;2331;2342;2354;2366;2378
R=2389;2400;2411;2421;2431;2441;2450;2459;2468;2477
R=2485;2493;2501;2508;2515;2522;2529;2535;2541;2547
R=2553;2559;2565;2571;2576;2582;2588;2593;2599;2604
R=2609;2615;2620;2625;2630;2635;2640;2644;2649;2653
R=2658;2662;2666;2670;2673;2677;2680;2684;2687;2690
R=2693;2695;2698;2699;2701;2701;2702;2702;2701;2700
R=2698;2696;2694;2691;2689;2686;2683;2681;2678;2675
R=2672;2669;2666;2663;2660;2657;2654;2651;2648;2645
R=2642;2640;2637;2634;2632;2629;2627;2625;2622;2620
R=2618;2616;2614;2612;2610;2609;2607;2606;2604;2603
R=2601;2600;2599;2598;2597;2596;2595;2594;2593;2593
R=2592;2592;2591;2591;2591;2591;2591;2591;2591;2591
DRILLE=B;C;-23.99;7.70;1.40;-23.99;7.70;0;1;F
DRILLE=B;C;-20.99;7.85;1.40;-20.99;7.85;0;1;F
DRILLE=B;C;21.00;8.90;1.40;21.00;8.90;0;1;F
DRILLE=B;C;24.00;8.90;1.40;24.00;8.90;0;1;F
ORDERID=64753
PATIENTNO=382217
DBL=19
HBOX=52
VBOX=35
ED=54
SPH=1.75;2.25
CYL=-1;-1.5
AXIS=115;75
ADD=2.5;2.5
SEGHT=21;21
IPD=32;32
PRVM=0;0
PRVA=180;0
ETYP=2
FTYP=3
LTYPE=PR FF;PR FF
LMATTYPE=2;2
LIND=1.6;1.6
SDEPTH=18.67;18.67
SWIDTH=28;28
SGOCIN=1.5;-1.5
SGOCUP=5;5
ERSGIN=0;0
ERSGUP=3;3
BEVP=2;2
BEVM=33;33
GDEPTH=0.6;0.6
GWIDTH=0.6;0.6
PINB=0.1;0.1
FPINB=0.1;0.1
POLISH=1;1
BSIZ=;
OCHT=21;21
HICRV=0;0
